/*--------------------------------*- C++ -*----------------------------------*\
  =========                 |
  \\      /  F ield         | OpenFOAM: The Open Source CFD Toolbox
   \\    /   O peration     | Website:  https://openfoam.org
    \\  /    A nd           | Version:  13
     \\/     M anipulation  |
\*---------------------------------------------------------------------------*/
FoamFile
{
    format      ascii;
    class       labelList;
    note        "nPoints: 13932 nCells: 6800 nFaces: 27366 nInternalFaces: 13434";
    location    "constant/polyMesh";
    object      neighbour;
}
// * * * * * * * * * * * * * * * * * * * * * * * * * * * * * * * * * * * * * //


13434
(
1
14
6226
2
15
6227
3
16
6228
4
17
6229
5
18
6230
6
19
6231
7
20
6232
8
21
6233
9
22
6234
10
23
6235
11
24
6236
12
25
6237
13
26
6238
27
280
6239
15
28
16
29
17
30
18
31
19
32
20
33
21
34
22
35
23
36
24
37
25
38
26
39
27
40
41
290
29
42
30
43
31
44
32
45
33
46
34
47
35
48
36
49
37
50
38
51
39
52
40
53
41
54
55
300
43
56
44
57
45
58
46
59
47
60
48
61
49
62
50
63
51
64
52
65
53
66
54
67
55
68
69
310
57
70
58
71
59
72
60
73
61
74
62
75
63
76
64
77
65
78
66
79
67
80
68
81
69
82
83
320
71
84
72
85
73
86
74
87
75
88
76
89
77
90
78
91
79
92
80
93
81
94
82
95
83
96
97
330
85
98
86
99
87
100
88
101
89
102
90
103
91
104
92
105
93
106
94
107
95
108
96
109
97
110
111
340
99
112
100
113
101
114
102
115
103
116
104
117
105
118
106
119
107
120
108
121
109
122
110
123
111
124
125
350
113
126
114
127
115
128
116
129
117
130
118
131
119
132
120
133
121
134
122
135
123
136
124
137
125
138
139
360
127
140
128
141
129
142
130
143
131
144
132
145
133
146
134
147
135
148
136
149
137
150
138
151
139
152
153
370
141
154
142
155
143
156
144
157
145
158
146
159
147
160
148
161
149
162
150
163
151
164
152
165
153
166
167
380
155
168
156
169
157
170
158
171
159
172
160
173
161
174
162
175
163
176
164
177
165
178
166
179
167
180
181
390
169
182
170
183
171
184
172
185
173
186
174
187
175
188
176
189
177
190
178
191
179
192
180
193
181
194
195
400
183
196
184
197
185
198
186
199
187
200
188
201
189
202
190
203
191
204
192
205
193
206
194
207
195
208
209
410
197
210
198
211
199
212
200
213
201
214
202
215
203
216
204
217
205
218
206
219
207
220
208
221
209
222
223
420
211
224
212
225
213
226
214
227
215
228
216
229
217
230
218
231
219
232
220
233
221
234
222
235
223
236
237
430
225
238
226
239
227
240
228
241
229
242
230
243
231
244
232
245
233
246
234
247
235
248
236
249
237
250
251
440
239
252
240
253
241
254
242
255
243
256
244
257
245
258
246
259
247
260
248
261
249
262
250
263
251
264
265
450
253
266
254
267
255
268
256
269
257
270
258
271
259
272
260
273
261
274
262
275
263
276
264
277
265
278
279
460
267
6520
268
6521
269
6522
270
6523
271
6524
272
6525
273
6526
274
6527
275
6528
276
6529
277
6530
278
6531
279
6532
470
6533
281
290
5950
282
291
5951
283
292
5952
284
293
5953
285
294
5954
286
295
5955
287
296
5956
288
297
5957
289
298
5958
299
480
5959
291
300
292
301
293
302
294
303
295
304
296
305
297
306
298
307
299
308
309
540
301
310
302
311
303
312
304
313
305
314
306
315
307
316
308
317
309
318
319
600
311
320
312
321
313
322
314
323
315
324
316
325
317
326
318
327
319
328
329
660
321
330
322
331
323
332
324
333
325
334
326
335
327
336
328
337
329
338
339
720
331
340
332
341
333
342
334
343
335
344
336
345
337
346
338
347
339
348
349
780
341
350
342
351
343
352
344
353
345
354
346
355
347
356
348
357
349
358
359
840
351
360
352
361
353
362
354
363
355
364
356
365
357
366
358
367
359
368
369
900
361
370
362
371
363
372
364
373
365
374
366
375
367
376
368
377
369
378
379
960
371
380
372
381
373
382
374
383
375
384
376
385
377
386
378
387
379
388
389
1020
381
390
382
391
383
392
384
393
385
394
386
395
387
396
388
397
389
398
399
1080
391
400
392
401
393
402
394
403
395
404
396
405
397
406
398
407
399
408
409
1140
401
410
402
411
403
412
404
413
405
414
406
415
407
416
408
417
409
418
419
1200
411
420
412
421
413
422
414
423
415
424
416
425
417
426
418
427
419
428
429
1260
421
430
422
431
423
432
424
433
425
434
426
435
427
436
428
437
429
438
439
1320
431
440
432
441
433
442
434
443
435
444
436
445
437
446
438
447
439
448
449
1380
441
450
442
451
443
452
444
453
445
454
446
455
447
456
448
457
449
458
459
1440
451
460
452
461
453
462
454
463
455
464
456
465
457
466
458
467
459
468
469
1500
461
470
462
471
463
472
464
473
465
474
466
475
467
476
468
477
469
478
479
1560
471
2640
472
2641
473
2642
474
2643
475
2644
476
2645
477
2646
478
2647
479
2648
1620
2649
481
540
5700
482
541
5701
483
542
5702
484
543
5703
485
544
5704
486
545
5705
487
546
5706
488
547
5707
489
548
5708
490
549
5709
491
550
5710
492
551
5711
493
552
5712
494
553
5713
495
554
5714
496
555
5715
497
556
5716
498
557
5717
499
558
5718
500
559
5719
501
560
5720
502
561
5721
503
562
5722
504
563
5723
505
564
5724
506
565
5725
507
566
5726
508
567
5727
509
568
5728
510
569
5729
511
570
5730
512
571
5731
513
572
5732
514
573
5733
515
574
5734
516
575
5735
517
576
5736
518
577
5737
519
578
5738
520
579
5739
521
580
5740
522
581
5741
523
582
5742
524
583
5743
525
584
5744
526
585
5745
527
586
5746
528
587
5747
529
588
5748
530
589
5749
531
590
5750
532
591
5751
533
592
5752
534
593
5753
535
594
5754
536
595
5755
537
596
5756
538
597
5757
539
598
5758
599
5759
541
600
542
601
543
602
544
603
545
604
546
605
547
606
548
607
549
608
550
609
551
610
552
611
553
612
554
613
555
614
556
615
557
616
558
617
559
618
560
619
561
620
562
621
563
622
564
623
565
624
566
625
567
626
568
627
569
628
570
629
571
630
572
631
573
632
574
633
575
634
576
635
577
636
578
637
579
638
580
639
581
640
582
641
583
642
584
643
585
644
586
645
587
646
588
647
589
648
590
649
591
650
592
651
593
652
594
653
595
654
596
655
597
656
598
657
599
658
659
601
660
602
661
603
662
604
663
605
664
606
665
607
666
608
667
609
668
610
669
611
670
612
671
613
672
614
673
615
674
616
675
617
676
618
677
619
678
620
679
621
680
622
681
623
682
624
683
625
684
626
685
627
686
628
687
629
688
630
689
631
690
632
691
633
692
634
693
635
694
636
695
637
696
638
697
639
698
640
699
641
700
642
701
643
702
644
703
645
704
646
705
647
706
648
707
649
708
650
709
651
710
652
711
653
712
654
713
655
714
656
715
657
716
658
717
659
718
719
661
720
662
721
663
722
664
723
665
724
666
725
667
726
668
727
669
728
670
729
671
730
672
731
673
732
674
733
675
734
676
735
677
736
678
737
679
738
680
739
681
740
682
741
683
742
684
743
685
744
686
745
687
746
688
747
689
748
690
749
691
750
692
751
693
752
694
753
695
754
696
755
697
756
698
757
699
758
700
759
701
760
702
761
703
762
704
763
705
764
706
765
707
766
708
767
709
768
710
769
711
770
712
771
713
772
714
773
715
774
716
775
717
776
718
777
719
778
779
721
780
722
781
723
782
724
783
725
784
726
785
727
786
728
787
729
788
730
789
731
790
732
791
733
792
734
793
735
794
736
795
737
796
738
797
739
798
740
799
741
800
742
801
743
802
744
803
745
804
746
805
747
806
748
807
749
808
750
809
751
810
752
811
753
812
754
813
755
814
756
815
757
816
758
817
759
818
760
819
761
820
762
821
763
822
764
823
765
824
766
825
767
826
768
827
769
828
770
829
771
830
772
831
773
832
774
833
775
834
776
835
777
836
778
837
779
838
839
781
840
782
841
783
842
784
843
785
844
786
845
787
846
788
847
789
848
790
849
791
850
792
851
793
852
794
853
795
854
796
855
797
856
798
857
799
858
800
859
801
860
802
861
803
862
804
863
805
864
806
865
807
866
808
867
809
868
810
869
811
870
812
871
813
872
814
873
815
874
816
875
817
876
818
877
819
878
820
879
821
880
822
881
823
882
824
883
825
884
826
885
827
886
828
887
829
888
830
889
831
890
832
891
833
892
834
893
835
894
836
895
837
896
838
897
839
898
899
841
900
842
901
843
902
844
903
845
904
846
905
847
906
848
907
849
908
850
909
851
910
852
911
853
912
854
913
855
914
856
915
857
916
858
917
859
918
860
919
861
920
862
921
863
922
864
923
865
924
866
925
867
926
868
927
869
928
870
929
871
930
872
931
873
932
874
933
875
934
876
935
877
936
878
937
879
938
880
939
881
940
882
941
883
942
884
943
885
944
886
945
887
946
888
947
889
948
890
949
891
950
892
951
893
952
894
953
895
954
896
955
897
956
898
957
899
958
959
901
960
902
961
903
962
904
963
905
964
906
965
907
966
908
967
909
968
910
969
911
970
912
971
913
972
914
973
915
974
916
975
917
976
918
977
919
978
920
979
921
980
922
981
923
982
924
983
925
984
926
985
927
986
928
987
929
988
930
989
931
990
932
991
933
992
934
993
935
994
936
995
937
996
938
997
939
998
940
999
941
1000
942
1001
943
1002
944
1003
945
1004
946
1005
947
1006
948
1007
949
1008
950
1009
951
1010
952
1011
953
1012
954
1013
955
1014
956
1015
957
1016
958
1017
959
1018
1019
961
1020
962
1021
963
1022
964
1023
965
1024
966
1025
967
1026
968
1027
969
1028
970
1029
971
1030
972
1031
973
1032
974
1033
975
1034
976
1035
977
1036
978
1037
979
1038
980
1039
981
1040
982
1041
983
1042
984
1043
985
1044
986
1045
987
1046
988
1047
989
1048
990
1049
991
1050
992
1051
993
1052
994
1053
995
1054
996
1055
997
1056
998
1057
999
1058
1000
1059
1001
1060
1002
1061
1003
1062
1004
1063
1005
1064
1006
1065
1007
1066
1008
1067
1009
1068
1010
1069
1011
1070
1012
1071
1013
1072
1014
1073
1015
1074
1016
1075
1017
1076
1018
1077
1019
1078
1079
1021
1080
1022
1081
1023
1082
1024
1083
1025
1084
1026
1085
1027
1086
1028
1087
1029
1088
1030
1089
1031
1090
1032
1091
1033
1092
1034
1093
1035
1094
1036
1095
1037
1096
1038
1097
1039
1098
1040
1099
1041
1100
1042
1101
1043
1102
1044
1103
1045
1104
1046
1105
1047
1106
1048
1107
1049
1108
1050
1109
1051
1110
1052
1111
1053
1112
1054
1113
1055
1114
1056
1115
1057
1116
1058
1117
1059
1118
1060
1119
1061
1120
1062
1121
1063
1122
1064
1123
1065
1124
1066
1125
1067
1126
1068
1127
1069
1128
1070
1129
1071
1130
1072
1131
1073
1132
1074
1133
1075
1134
1076
1135
1077
1136
1078
1137
1079
1138
1139
1081
1140
1082
1141
1083
1142
1084
1143
1085
1144
1086
1145
1087
1146
1088
1147
1089
1148
1090
1149
1091
1150
1092
1151
1093
1152
1094
1153
1095
1154
1096
1155
1097
1156
1098
1157
1099
1158
1100
1159
1101
1160
1102
1161
1103
1162
1104
1163
1105
1164
1106
1165
1107
1166
1108
1167
1109
1168
1110
1169
1111
1170
1112
1171
1113
1172
1114
1173
1115
1174
1116
1175
1117
1176
1118
1177
1119
1178
1120
1179
1121
1180
1122
1181
1123
1182
1124
1183
1125
1184
1126
1185
1127
1186
1128
1187
1129
1188
1130
1189
1131
1190
1132
1191
1133
1192
1134
1193
1135
1194
1136
1195
1137
1196
1138
1197
1139
1198
1199
1141
1200
1142
1201
1143
1202
1144
1203
1145
1204
1146
1205
1147
1206
1148
1207
1149
1208
1150
1209
1151
1210
1152
1211
1153
1212
1154
1213
1155
1214
1156
1215
1157
1216
1158
1217
1159
1218
1160
1219
1161
1220
1162
1221
1163
1222
1164
1223
1165
1224
1166
1225
1167
1226
1168
1227
1169
1228
1170
1229
1171
1230
1172
1231
1173
1232
1174
1233
1175
1234
1176
1235
1177
1236
1178
1237
1179
1238
1180
1239
1181
1240
1182
1241
1183
1242
1184
1243
1185
1244
1186
1245
1187
1246
1188
1247
1189
1248
1190
1249
1191
1250
1192
1251
1193
1252
1194
1253
1195
1254
1196
1255
1197
1256
1198
1257
1199
1258
1259
1201
1260
1202
1261
1203
1262
1204
1263
1205
1264
1206
1265
1207
1266
1208
1267
1209
1268
1210
1269
1211
1270
1212
1271
1213
1272
1214
1273
1215
1274
1216
1275
1217
1276
1218
1277
1219
1278
1220
1279
1221
1280
1222
1281
1223
1282
1224
1283
1225
1284
1226
1285
1227
1286
1228
1287
1229
1288
1230
1289
1231
1290
1232
1291
1233
1292
1234
1293
1235
1294
1236
1295
1237
1296
1238
1297
1239
1298
1240
1299
1241
1300
1242
1301
1243
1302
1244
1303
1245
1304
1246
1305
1247
1306
1248
1307
1249
1308
1250
1309
1251
1310
1252
1311
1253
1312
1254
1313
1255
1314
1256
1315
1257
1316
1258
1317
1259
1318
1319
1261
1320
1262
1321
1263
1322
1264
1323
1265
1324
1266
1325
1267
1326
1268
1327
1269
1328
1270
1329
1271
1330
1272
1331
1273
1332
1274
1333
1275
1334
1276
1335
1277
1336
1278
1337
1279
1338
1280
1339
1281
1340
1282
1341
1283
1342
1284
1343
1285
1344
1286
1345
1287
1346
1288
1347
1289
1348
1290
1349
1291
1350
1292
1351
1293
1352
1294
1353
1295
1354
1296
1355
1297
1356
1298
1357
1299
1358
1300
1359
1301
1360
1302
1361
1303
1362
1304
1363
1305
1364
1306
1365
1307
1366
1308
1367
1309
1368
1310
1369
1311
1370
1312
1371
1313
1372
1314
1373
1315
1374
1316
1375
1317
1376
1318
1377
1319
1378
1379
1321
1380
1322
1381
1323
1382
1324
1383
1325
1384
1326
1385
1327
1386
1328
1387
1329
1388
1330
1389
1331
1390
1332
1391
1333
1392
1334
1393
1335
1394
1336
1395
1337
1396
1338
1397
1339
1398
1340
1399
1341
1400
1342
1401
1343
1402
1344
1403
1345
1404
1346
1405
1347
1406
1348
1407
1349
1408
1350
1409
1351
1410
1352
1411
1353
1412
1354
1413
1355
1414
1356
1415
1357
1416
1358
1417
1359
1418
1360
1419
1361
1420
1362
1421
1363
1422
1364
1423
1365
1424
1366
1425
1367
1426
1368
1427
1369
1428
1370
1429
1371
1430
1372
1431
1373
1432
1374
1433
1375
1434
1376
1435
1377
1436
1378
1437
1379
1438
1439
1381
1440
1382
1441
1383
1442
1384
1443
1385
1444
1386
1445
1387
1446
1388
1447
1389
1448
1390
1449
1391
1450
1392
1451
1393
1452
1394
1453
1395
1454
1396
1455
1397
1456
1398
1457
1399
1458
1400
1459
1401
1460
1402
1461
1403
1462
1404
1463
1405
1464
1406
1465
1407
1466
1408
1467
1409
1468
1410
1469
1411
1470
1412
1471
1413
1472
1414
1473
1415
1474
1416
1475
1417
1476
1418
1477
1419
1478
1420
1479
1421
1480
1422
1481
1423
1482
1424
1483
1425
1484
1426
1485
1427
1486
1428
1487
1429
1488
1430
1489
1431
1490
1432
1491
1433
1492
1434
1493
1435
1494
1436
1495
1437
1496
1438
1497
1439
1498
1499
1441
1500
1442
1501
1443
1502
1444
1503
1445
1504
1446
1505
1447
1506
1448
1507
1449
1508
1450
1509
1451
1510
1452
1511
1453
1512
1454
1513
1455
1514
1456
1515
1457
1516
1458
1517
1459
1518
1460
1519
1461
1520
1462
1521
1463
1522
1464
1523
1465
1524
1466
1525
1467
1526
1468
1527
1469
1528
1470
1529
1471
1530
1472
1531
1473
1532
1474
1533
1475
1534
1476
1535
1477
1536
1478
1537
1479
1538
1480
1539
1481
1540
1482
1541
1483
1542
1484
1543
1485
1544
1486
1545
1487
1546
1488
1547
1489
1548
1490
1549
1491
1550
1492
1551
1493
1552
1494
1553
1495
1554
1496
1555
1497
1556
1498
1557
1499
1558
1559
1501
1560
1502
1561
1503
1562
1504
1563
1505
1564
1506
1565
1507
1566
1508
1567
1509
1568
1510
1569
1511
1570
1512
1571
1513
1572
1514
1573
1515
1574
1516
1575
1517
1576
1518
1577
1519
1578
1520
1579
1521
1580
1522
1581
1523
1582
1524
1583
1525
1584
1526
1585
1527
1586
1528
1587
1529
1588
1530
1589
1531
1590
1532
1591
1533
1592
1534
1593
1535
1594
1536
1595
1537
1596
1538
1597
1539
1598
1540
1599
1541
1600
1542
1601
1543
1602
1544
1603
1545
1604
1546
1605
1547
1606
1548
1607
1549
1608
1550
1609
1551
1610
1552
1611
1553
1612
1554
1613
1555
1614
1556
1615
1557
1616
1558
1617
1559
1618
1619
1561
1620
1562
1621
1563
1622
1564
1623
1565
1624
1566
1625
1567
1626
1568
1627
1569
1628
1570
1629
1571
1630
1572
1631
1573
1632
1574
1633
1575
1634
1576
1635
1577
1636
1578
1637
1579
1638
1580
1639
1581
1640
1582
1641
1583
1642
1584
1643
1585
1644
1586
1645
1587
1646
1588
1647
1589
1648
1590
1649
1591
1650
1592
1651
1593
1652
1594
1653
1595
1654
1596
1655
1597
1656
1598
1657
1599
1658
1600
1659
1601
1660
1602
1661
1603
1662
1604
1663
1605
1664
1606
1665
1607
1666
1608
1667
1609
1668
1610
1669
1611
1670
1612
1671
1613
1672
1614
1673
1615
1674
1616
1675
1617
1676
1618
1677
1619
1678
1679
1621
1680
1622
1681
1623
1682
1624
1683
1625
1684
1626
1685
1627
1686
1628
1687
1629
1688
1630
1689
1631
1690
1632
1691
1633
1692
1634
1693
1635
1694
1636
1695
1637
1696
1638
1697
1639
1698
1640
1699
1641
1700
1642
1701
1643
1702
1644
1703
1645
1704
1646
1705
1647
1706
1648
1707
1649
1708
1650
1709
1651
1710
1652
1711
1653
1712
1654
1713
1655
1714
1656
1715
1657
1716
1658
1717
1659
1718
1660
1719
1661
1720
1662
1721
1663
1722
1664
1723
1665
1724
1666
1725
1667
1726
1668
1727
1669
1728
1670
1729
1671
1730
1672
1731
1673
1732
1674
1733
1675
1734
1676
1735
1677
1736
1678
1737
1679
1738
1739
1681
1740
2649
1682
1741
1683
1742
1684
1743
1685
1744
1686
1745
1687
1746
1688
1747
1689
1748
1690
1749
1691
1750
1692
1751
1693
1752
1694
1753
1695
1754
1696
1755
1697
1756
1698
1757
1699
1758
1700
1759
1701
1760
1702
1761
1703
1762
1704
1763
1705
1764
1706
1765
1707
1766
1708
1767
1709
1768
1710
1769
1711
1770
1712
1771
1713
1772
1714
1773
1715
1774
1716
1775
1717
1776
1718
1777
1719
1778
1720
1779
1721
1780
1722
1781
1723
1782
1724
1783
1725
1784
1726
1785
1727
1786
1728
1787
1729
1788
1730
1789
1731
1790
1732
1791
1733
1792
1734
1793
1735
1794
1736
1795
1737
1796
1738
1797
1739
1798
1799
1741
1800
2659
1742
1801
1743
1802
1744
1803
1745
1804
1746
1805
1747
1806
1748
1807
1749
1808
1750
1809
1751
1810
1752
1811
1753
1812
1754
1813
1755
1814
1756
1815
1757
1816
1758
1817
1759
1818
1760
1819
1761
1820
1762
1821
1763
1822
1764
1823
1765
1824
1766
1825
1767
1826
1768
1827
1769
1828
1770
1829
1771
1830
1772
1831
1773
1832
1774
1833
1775
1834
1776
1835
1777
1836
1778
1837
1779
1838
1780
1839
1781
1840
1782
1841
1783
1842
1784
1843
1785
1844
1786
1845
1787
1846
1788
1847
1789
1848
1790
1849
1791
1850
1792
1851
1793
1852
1794
1853
1795
1854
1796
1855
1797
1856
1798
1857
1799
1858
1859
1801
1860
2669
1802
1861
1803
1862
1804
1863
1805
1864
1806
1865
1807
1866
1808
1867
1809
1868
1810
1869
1811
1870
1812
1871
1813
1872
1814
1873
1815
1874
1816
1875
1817
1876
1818
1877
1819
1878
1820
1879
1821
1880
1822
1881
1823
1882
1824
1883
1825
1884
1826
1885
1827
1886
1828
1887
1829
1888
1830
1889
1831
1890
1832
1891
1833
1892
1834
1893
1835
1894
1836
1895
1837
1896
1838
1897
1839
1898
1840
1899
1841
1900
1842
1901
1843
1902
1844
1903
1845
1904
1846
1905
1847
1906
1848
1907
1849
1908
1850
1909
1851
1910
1852
1911
1853
1912
1854
1913
1855
1914
1856
1915
1857
1916
1858
1917
1859
1918
1919
1861
1920
2679
1862
1921
1863
1922
1864
1923
1865
1924
1866
1925
1867
1926
1868
1927
1869
1928
1870
1929
1871
1930
1872
1931
1873
1932
1874
1933
1875
1934
1876
1935
1877
1936
1878
1937
1879
1938
1880
1939
1881
1940
1882
1941
1883
1942
1884
1943
1885
1944
1886
1945
1887
1946
1888
1947
1889
1948
1890
1949
1891
1950
1892
1951
1893
1952
1894
1953
1895
1954
1896
1955
1897
1956
1898
1957
1899
1958
1900
1959
1901
1960
1902
1961
1903
1962
1904
1963
1905
1964
1906
1965
1907
1966
1908
1967
1909
1968
1910
1969
1911
1970
1912
1971
1913
1972
1914
1973
1915
1974
1916
1975
1917
1976
1918
1977
1919
1978
1979
1921
1980
2689
1922
1981
1923
1982
1924
1983
1925
1984
1926
1985
1927
1986
1928
1987
1929
1988
1930
1989
1931
1990
1932
1991
1933
1992
1934
1993
1935
1994
1936
1995
1937
1996
1938
1997
1939
1998
1940
1999
1941
2000
1942
2001
1943
2002
1944
2003
1945
2004
1946
2005
1947
2006
1948
2007
1949
2008
1950
2009
1951
2010
1952
2011
1953
2012
1954
2013
1955
2014
1956
2015
1957
2016
1958
2017
1959
2018
1960
2019
1961
2020
1962
2021
1963
2022
1964
2023
1965
2024
1966
2025
1967
2026
1968
2027
1969
2028
1970
2029
1971
2030
1972
2031
1973
2032
1974
2033
1975
2034
1976
2035
1977
2036
1978
2037
1979
2038
2039
1981
2040
2699
1982
2041
1983
2042
1984
2043
1985
2044
1986
2045
1987
2046
1988
2047
1989
2048
1990
2049
1991
2050
1992
2051
1993
2052
1994
2053
1995
2054
1996
2055
1997
2056
1998
2057
1999
2058
2000
2059
2001
2060
2002
2061
2003
2062
2004
2063
2005
2064
2006
2065
2007
2066
2008
2067
2009
2068
2010
2069
2011
2070
2012
2071
2013
2072
2014
2073
2015
2074
2016
2075
2017
2076
2018
2077
2019
2078
2020
2079
2021
2080
2022
2081
2023
2082
2024
2083
2025
2084
2026
2085
2027
2086
2028
2087
2029
2088
2030
2089
2031
2090
2032
2091
2033
2092
2034
2093
2035
2094
2036
2095
2037
2096
2038
2097
2039
2098
2099
2041
2100
2709
2042
2101
2043
2102
2044
2103
2045
2104
2046
2105
2047
2106
2048
2107
2049
2108
2050
2109
2051
2110
2052
2111
2053
2112
2054
2113
2055
2114
2056
2115
2057
2116
2058
2117
2059
2118
2060
2119
2061
2120
2062
2121
2063
2122
2064
2123
2065
2124
2066
2125
2067
2126
2068
2127
2069
2128
2070
2129
2071
2130
2072
2131
2073
2132
2074
2133
2075
2134
2076
2135
2077
2136
2078
2137
2079
2138
2080
2139
2081
2140
2082
2141
2083
2142
2084
2143
2085
2144
2086
2145
2087
2146
2088
2147
2089
2148
2090
2149
2091
2150
2092
2151
2093
2152
2094
2153
2095
2154
2096
2155
2097
2156
2098
2157
2099
2158
2159
2101
2160
2719
2102
2161
2103
2162
2104
2163
2105
2164
2106
2165
2107
2166
2108
2167
2109
2168
2110
2169
2111
2170
2112
2171
2113
2172
2114
2173
2115
2174
2116
2175
2117
2176
2118
2177
2119
2178
2120
2179
2121
2180
2122
2181
2123
2182
2124
2183
2125
2184
2126
2185
2127
2186
2128
2187
2129
2188
2130
2189
2131
2190
2132
2191
2133
2192
2134
2193
2135
2194
2136
2195
2137
2196
2138
2197
2139
2198
2140
2199
2141
2200
2142
2201
2143
2202
2144
2203
2145
2204
2146
2205
2147
2206
2148
2207
2149
2208
2150
2209
2151
2210
2152
2211
2153
2212
2154
2213
2155
2214
2156
2215
2157
2216
2158
2217
2159
2218
2219
2161
2220
2729
2162
2221
2163
2222
2164
2223
2165
2224
2166
2225
2167
2226
2168
2227
2169
2228
2170
2229
2171
2230
2172
2231
2173
2232
2174
2233
2175
2234
2176
2235
2177
2236
2178
2237
2179
2238
2180
2239
2181
2240
2182
2241
2183
2242
2184
2243
2185
2244
2186
2245
2187
2246
2188
2247
2189
2248
2190
2249
2191
2250
2192
2251
2193
2252
2194
2253
2195
2254
2196
2255
2197
2256
2198
2257
2199
2258
2200
2259
2201
2260
2202
2261
2203
2262
2204
2263
2205
2264
2206
2265
2207
2266
2208
2267
2209
2268
2210
2269
2211
2270
2212
2271
2213
2272
2214
2273
2215
2274
2216
2275
2217
2276
2218
2277
2219
2278
2279
2221
2280
2739
2222
2281
2223
2282
2224
2283
2225
2284
2226
2285
2227
2286
2228
2287
2229
2288
2230
2289
2231
2290
2232
2291
2233
2292
2234
2293
2235
2294
2236
2295
2237
2296
2238
2297
2239
2298
2240
2299
2241
2300
2242
2301
2243
2302
2244
2303
2245
2304
2246
2305
2247
2306
2248
2307
2249
2308
2250
2309
2251
2310
2252
2311
2253
2312
2254
2313
2255
2314
2256
2315
2257
2316
2258
2317
2259
2318
2260
2319
2261
2320
2262
2321
2263
2322
2264
2323
2265
2324
2266
2325
2267
2326
2268
2327
2269
2328
2270
2329
2271
2330
2272
2331
2273
2332
2274
2333
2275
2334
2276
2335
2277
2336
2278
2337
2279
2338
2339
2281
2340
2749
2282
2341
2283
2342
2284
2343
2285
2344
2286
2345
2287
2346
2288
2347
2289
2348
2290
2349
2291
2350
2292
2351
2293
2352
2294
2353
2295
2354
2296
2355
2297
2356
2298
2357
2299
2358
2300
2359
2301
2360
2302
2361
2303
2362
2304
2363
2305
2364
2306
2365
2307
2366
2308
2367
2309
2368
2310
2369
2311
2370
2312
2371
2313
2372
2314
2373
2315
2374
2316
2375
2317
2376
2318
2377
2319
2378
2320
2379
2321
2380
2322
2381
2323
2382
2324
2383
2325
2384
2326
2385
2327
2386
2328
2387
2329
2388
2330
2389
2331
2390
2332
2391
2333
2392
2334
2393
2335
2394
2336
2395
2337
2396
2338
2397
2339
2398
2399
2341
2400
2759
2342
2401
2343
2402
2344
2403
2345
2404
2346
2405
2347
2406
2348
2407
2349
2408
2350
2409
2351
2410
2352
2411
2353
2412
2354
2413
2355
2414
2356
2415
2357
2416
2358
2417
2359
2418
2360
2419
2361
2420
2362
2421
2363
2422
2364
2423
2365
2424
2366
2425
2367
2426
2368
2427
2369
2428
2370
2429
2371
2430
2372
2431
2373
2432
2374
2433
2375
2434
2376
2435
2377
2436
2378
2437
2379
2438
2380
2439
2381
2440
2382
2441
2383
2442
2384
2443
2385
2444
2386
2445
2387
2446
2388
2447
2389
2448
2390
2449
2391
2450
2392
2451
2393
2452
2394
2453
2395
2454
2396
2455
2397
2456
2398
2457
2399
2458
2459
2401
2460
2769
2402
2461
2403
2462
2404
2463
2405
2464
2406
2465
2407
2466
2408
2467
2409
2468
2410
2469
2411
2470
2412
2471
2413
2472
2414
2473
2415
2474
2416
2475
2417
2476
2418
2477
2419
2478
2420
2479
2421
2480
2422
2481
2423
2482
2424
2483
2425
2484
2426
2485
2427
2486
2428
2487
2429
2488
2430
2489
2431
2490
2432
2491
2433
2492
2434
2493
2435
2494
2436
2495
2437
2496
2438
2497
2439
2498
2440
2499
2441
2500
2442
2501
2443
2502
2444
2503
2445
2504
2446
2505
2447
2506
2448
2507
2449
2508
2450
2509
2451
2510
2452
2511
2453
2512
2454
2513
2455
2514
2456
2515
2457
2516
2458
2517
2459
2518
2519
2461
2520
2779
2462
2521
2463
2522
2464
2523
2465
2524
2466
2525
2467
2526
2468
2527
2469
2528
2470
2529
2471
2530
2472
2531
2473
2532
2474
2533
2475
2534
2476
2535
2477
2536
2478
2537
2479
2538
2480
2539
2481
2540
2482
2541
2483
2542
2484
2543
2485
2544
2486
2545
2487
2546
2488
2547
2489
2548
2490
2549
2491
2550
2492
2551
2493
2552
2494
2553
2495
2554
2496
2555
2497
2556
2498
2557
2499
2558
2500
2559
2501
2560
2502
2561
2503
2562
2504
2563
2505
2564
2506
2565
2507
2566
2508
2567
2509
2568
2510
2569
2511
2570
2512
2571
2513
2572
2514
2573
2515
2574
2516
2575
2517
2576
2518
2577
2519
2578
2579
2521
2580
2789
2522
2581
2523
2582
2524
2583
2525
2584
2526
2585
2527
2586
2528
2587
2529
2588
2530
2589
2531
2590
2532
2591
2533
2592
2534
2593
2535
2594
2536
2595
2537
2596
2538
2597
2539
2598
2540
2599
2541
2600
2542
2601
2543
2602
2544
2603
2545
2604
2546
2605
2547
2606
2548
2607
2549
2608
2550
2609
2551
2610
2552
2611
2553
2612
2554
2613
2555
2614
2556
2615
2557
2616
2558
2617
2559
2618
2560
2619
2561
2620
2562
2621
2563
2622
2564
2623
2565
2624
2566
2625
2567
2626
2568
2627
2569
2628
2570
2629
2571
2630
2572
2631
2573
2632
2574
2633
2575
2634
2576
2635
2577
2636
2578
2637
2579
2638
2639
2581
2799
2582
2583
2584
2585
2586
2587
2588
2589
2590
2591
2592
2593
2594
2595
2596
2597
2598
2599
2600
2601
2602
2603
2604
2605
2606
2607
2608
2609
2610
2611
2612
2613
2614
2615
2616
2617
2618
2619
2620
2621
2622
2623
2624
2625
2626
2627
2628
2629
2630
2631
2632
2633
2634
2635
2636
2637
2638
2639
2641
2650
2800
2642
2651
2643
2652
2644
2653
2645
2654
2646
2655
2647
2656
2648
2657
2649
2658
2659
2651
2660
2801
2652
2661
2653
2662
2654
2663
2655
2664
2656
2665
2657
2666
2658
2667
2659
2668
2669
2661
2670
2802
2662
2671
2663
2672
2664
2673
2665
2674
2666
2675
2667
2676
2668
2677
2669
2678
2679
2671
2680
2803
2672
2681
2673
2682
2674
2683
2675
2684
2676
2685
2677
2686
2678
2687
2679
2688
2689
2681
2690
2804
2682
2691
2683
2692
2684
2693
2685
2694
2686
2695
2687
2696
2688
2697
2689
2698
2699
2691
2700
2805
2692
2701
2693
2702
2694
2703
2695
2704
2696
2705
2697
2706
2698
2707
2699
2708
2709
2701
2710
2806
2702
2711
2703
2712
2704
2713
2705
2714
2706
2715
2707
2716
2708
2717
2709
2718
2719
2711
2720
2807
2712
2721
2713
2722
2714
2723
2715
2724
2716
2725
2717
2726
2718
2727
2719
2728
2729
2721
2730
2808
2722
2731
2723
2732
2724
2733
2725
2734
2726
2735
2727
2736
2728
2737
2729
2738
2739
2731
2740
2809
2732
2741
2733
2742
2734
2743
2735
2744
2736
2745
2737
2746
2738
2747
2739
2748
2749
2741
2750
2810
2742
2751
2743
2752
2744
2753
2745
2754
2746
2755
2747
2756
2748
2757
2749
2758
2759
2751
2760
2811
2752
2761
2753
2762
2754
2763
2755
2764
2756
2765
2757
2766
2758
2767
2759
2768
2769
2761
2770
2812
2762
2771
2763
2772
2764
2773
2765
2774
2766
2775
2767
2776
2768
2777
2769
2778
2779
2771
2780
2813
2772
2781
2773
2782
2774
2783
2775
2784
2776
2785
2777
2786
2778
2787
2779
2788
2789
2781
2790
2814
2782
2791
2783
2792
2784
2793
2785
2794
2786
2795
2787
2796
2788
2797
2789
2798
2799
2791
2815
2792
2793
2794
2795
2796
2797
2798
2799
2801
2816
6533
2802
2817
2803
2818
2804
2819
2805
2820
2806
2821
2807
2822
2808
2823
2809
2824
2810
2825
2811
2826
2812
2827
2813
2828
2814
2829
2815
2830
2831
2817
2832
6547
2818
2833
2819
2834
2820
2835
2821
2836
2822
2837
2823
2838
2824
2839
2825
2840
2826
2841
2827
2842
2828
2843
2829
2844
2830
2845
2831
2846
2847
2833
2848
6561
2834
2849
2835
2850
2836
2851
2837
2852
2838
2853
2839
2854
2840
2855
2841
2856
2842
2857
2843
2858
2844
2859
2845
2860
2846
2861
2847
2862
2863
2849
2864
6575
2850
2865
2851
2866
2852
2867
2853
2868
2854
2869
2855
2870
2856
2871
2857
2872
2858
2873
2859
2874
2860
2875
2861
2876
2862
2877
2863
2878
2879
2865
2880
6589
2866
2881
2867
2882
2868
2883
2869
2884
2870
2885
2871
2886
2872
2887
2873
2888
2874
2889
2875
2890
2876
2891
2877
2892
2878
2893
2879
2894
2895
2881
2896
6603
2882
2897
2883
2898
2884
2899
2885
2900
2886
2901
2887
2902
2888
2903
2889
2904
2890
2905
2891
2906
2892
2907
2893
2908
2894
2909
2895
2910
2911
2897
2912
6617
2898
2913
2899
2914
2900
2915
2901
2916
2902
2917
2903
2918
2904
2919
2905
2920
2906
2921
2907
2922
2908
2923
2909
2924
2910
2925
2911
2926
2927
2913
2928
6631
2914
2929
2915
2930
2916
2931
2917
2932
2918
2933
2919
2934
2920
2935
2921
2936
2922
2937
2923
2938
2924
2939
2925
2940
2926
2941
2927
2942
2943
2929
2944
6645
2930
2945
2931
2946
2932
2947
2933
2948
2934
2949
2935
2950
2936
2951
2937
2952
2938
2953
2939
2954
2940
2955
2941
2956
2942
2957
2943
2958
2959
2945
2960
6659
2946
2961
2947
2962
2948
2963
2949
2964
2950
2965
2951
2966
2952
2967
2953
2968
2954
2969
2955
2970
2956
2971
2957
2972
2958
2973
2959
2974
2975
2961
2976
6673
2962
2977
2963
2978
2964
2979
2965
2980
2966
2981
2967
2982
2968
2983
2969
2984
2970
2985
2971
2986
2972
2987
2973
2988
2974
2989
2975
2990
2991
2977
2992
6687
2978
2993
2979
2994
2980
2995
2981
2996
2982
2997
2983
2998
2984
2999
2985
3000
2986
3001
2987
3002
2988
3003
2989
3004
2990
3005
2991
3006
3007
2993
3008
6701
2994
3009
2995
3010
2996
3011
2997
3012
2998
3013
2999
3014
3000
3015
3001
3016
3002
3017
3003
3018
3004
3019
3005
3020
3006
3021
3007
3022
3023
3009
3024
6715
3010
3025
3011
3026
3012
3027
3013
3028
3014
3029
3015
3030
3016
3031
3017
3032
3018
3033
3019
3034
3020
3035
3021
3036
3022
3037
3023
3038
3039
3025
3040
6729
3026
3041
3027
3042
3028
3043
3029
3044
3030
3045
3031
3046
3032
3047
3033
3048
3034
3049
3035
3050
3036
3051
3037
3052
3038
3053
3039
3054
3055
3041
3056
6743
3042
3057
3043
3058
3044
3059
3045
3060
3046
3061
3047
3062
3048
3063
3049
3064
3050
3065
3051
3066
3052
3067
3053
3068
3054
3069
3055
3070
3071
3057
3072
6757
3058
3073
3059
3074
3060
3075
3061
3076
3062
3077
3063
3078
3064
3079
3065
3080
3066
3081
3067
3082
3068
3083
3069
3084
3070
3085
3071
3086
3087
3073
3088
6771
3074
3089
3075
3090
3076
3091
3077
3092
3078
3093
3079
3094
3080
3095
3081
3096
3082
3097
3083
3098
3084
3099
3085
3100
3086
3101
3087
3102
3103
3089
3104
6785
3090
3105
3091
3106
3092
3107
3093
3108
3094
3109
3095
3110
3096
3111
3097
3112
3098
3113
3099
3114
3100
3115
3101
3116
3102
3117
3103
3118
3119
3105
3120
6799
3106
3121
3107
3122
3108
3123
3109
3124
3110
3125
3111
3126
3112
3127
3113
3128
3114
3129
3115
3130
3116
3131
3117
3132
3118
3133
3119
3134
3135
3121
3136
6253
3122
3137
3123
3138
3124
3139
3125
3140
3126
3141
3127
3142
3128
3143
3129
3144
3130
3145
3131
3146
3132
3147
3133
3148
3134
3149
3135
3150
3151
3137
3152
6267
3138
3153
3139
3154
3140
3155
3141
3156
3142
3157
3143
3158
3144
3159
3145
3160
3146
3161
3147
3162
3148
3163
3149
3164
3150
3165
3151
3166
3167
3153
3168
6281
3154
3169
3155
3170
3156
3171
3157
3172
3158
3173
3159
3174
3160
3175
3161
3176
3162
3177
3163
3178
3164
3179
3165
3180
3166
3181
3167
3182
3183
3169
3184
6295
3170
3185
3171
3186
3172
3187
3173
3188
3174
3189
3175
3190
3176
3191
3177
3192
3178
3193
3179
3194
3180
3195
3181
3196
3182
3197
3183
3198
3199
3185
3200
6309
3186
3201
3187
3202
3188
3203
3189
3204
3190
3205
3191
3206
3192
3207
3193
3208
3194
3209
3195
3210
3196
3211
3197
3212
3198
3213
3199
3214
3215
3201
3216
6323
3202
3217
3203
3218
3204
3219
3205
3220
3206
3221
3207
3222
3208
3223
3209
3224
3210
3225
3211
3226
3212
3227
3213
3228
3214
3229
3215
3230
3231
3217
3232
6337
3218
3233
3219
3234
3220
3235
3221
3236
3222
3237
3223
3238
3224
3239
3225
3240
3226
3241
3227
3242
3228
3243
3229
3244
3230
3245
3231
3246
3247
3233
3248
6351
3234
3249
3235
3250
3236
3251
3237
3252
3238
3253
3239
3254
3240
3255
3241
3256
3242
3257
3243
3258
3244
3259
3245
3260
3246
3261
3247
3262
3263
3249
3264
6365
3250
3265
3251
3266
3252
3267
3253
3268
3254
3269
3255
3270
3256
3271
3257
3272
3258
3273
3259
3274
3260
3275
3261
3276
3262
3277
3263
3278
3279
3265
3280
6379
3266
3281
3267
3282
3268
3283
3269
3284
3270
3285
3271
3286
3272
3287
3273
3288
3274
3289
3275
3290
3276
3291
3277
3292
3278
3293
3279
3294
3295
3281
3296
6393
3282
3297
3283
3298
3284
3299
3285
3300
3286
3301
3287
3302
3288
3303
3289
3304
3290
3305
3291
3306
3292
3307
3293
3308
3294
3309
3295
3310
3311
3297
3312
6407
3298
3313
3299
3314
3300
3315
3301
3316
3302
3317
3303
3318
3304
3319
3305
3320
3306
3321
3307
3322
3308
3323
3309
3324
3310
3325
3311
3326
3327
3313
3328
6421
3314
3329
3315
3330
3316
3331
3317
3332
3318
3333
3319
3334
3320
3335
3321
3336
3322
3337
3323
3338
3324
3339
3325
3340
3326
3341
3327
3342
3343
3329
3344
6435
3330
3345
3331
3346
3332
3347
3333
3348
3334
3349
3335
3350
3336
3351
3337
3352
3338
3353
3339
3354
3340
3355
3341
3356
3342
3357
3343
3358
3359
3345
3360
6449
3346
3361
3347
3362
3348
3363
3349
3364
3350
3365
3351
3366
3352
3367
3353
3368
3354
3369
3355
3370
3356
3371
3357
3372
3358
3373
3359
3374
3375
3361
3376
6463
3362
3377
3363
3378
3364
3379
3365
3380
3366
3381
3367
3382
3368
3383
3369
3384
3370
3385
3371
3386
3372
3387
3373
3388
3374
3389
3375
3390
3391
3377
3392
6477
3378
3393
3379
3394
3380
3395
3381
3396
3382
3397
3383
3398
3384
3399
3385
3400
3386
3401
3387
3402
3388
3403
3389
3404
3390
3405
3391
3406
3407
3393
3408
6491
3394
3409
3395
3410
3396
3411
3397
3412
3398
3413
3399
3414
3400
3415
3401
3416
3402
3417
3403
3418
3404
3419
3405
3420
3406
3421
3407
3422
3423
3409
3424
6505
3410
3425
3411
3426
3412
3427
3413
3428
3414
3429
3415
3430
3416
3431
3417
3432
3418
3433
3419
3434
3420
3435
3421
3436
3422
3437
3423
3438
3439
3425
3590
6519
3426
3580
3427
3570
3428
3560
3429
3550
3430
3540
3431
3530
3432
3520
3433
3510
3434
3500
3435
3490
3436
3480
3437
3470
3438
3460
3439
3450
3440
3441
3450
3442
3451
3443
3452
3444
3453
3445
3454
3446
3455
3447
3456
3448
3457
3449
3458
3459
3600
3451
3460
3452
3461
3453
3462
3454
3463
3455
3464
3456
3465
3457
3466
3458
3467
3459
3468
3469
3660
3461
3470
3462
3471
3463
3472
3464
3473
3465
3474
3466
3475
3467
3476
3468
3477
3469
3478
3479
3720
3471
3480
3472
3481
3473
3482
3474
3483
3475
3484
3476
3485
3477
3486
3478
3487
3479
3488
3489
3780
3481
3490
3482
3491
3483
3492
3484
3493
3485
3494
3486
3495
3487
3496
3488
3497
3489
3498
3499
3840
3491
3500
3492
3501
3493
3502
3494
3503
3495
3504
3496
3505
3497
3506
3498
3507
3499
3508
3509
3900
3501
3510
3502
3511
3503
3512
3504
3513
3505
3514
3506
3515
3507
3516
3508
3517
3509
3518
3519
3960
3511
3520
3512
3521
3513
3522
3514
3523
3515
3524
3516
3525
3517
3526
3518
3527
3519
3528
3529
4020
3521
3530
3522
3531
3523
3532
3524
3533
3525
3534
3526
3535
3527
3536
3528
3537
3529
3538
3539
4080
3531
3540
3532
3541
3533
3542
3534
3543
3535
3544
3536
3545
3537
3546
3538
3547
3539
3548
3549
4140
3541
3550
3542
3551
3543
3552
3544
3553
3545
3554
3546
3555
3547
3556
3548
3557
3549
3558
3559
4200
3551
3560
3552
3561
3553
3562
3554
3563
3555
3564
3556
3565
3557
3566
3558
3567
3559
3568
3569
4260
3561
3570
3562
3571
3563
3572
3564
3573
3565
3574
3566
3575
3567
3576
3568
3577
3569
3578
3579
4320
3571
3580
3572
3581
3573
3582
3574
3583
3575
3584
3576
3585
3577
3586
3578
3587
3579
3588
3589
4380
3581
3590
3582
3591
3583
3592
3584
3593
3585
3594
3586
3595
3587
3596
3588
3597
3589
3598
3599
4440
3591
5760
3592
5761
3593
5762
3594
5763
3595
5764
3596
5765
3597
5766
3598
5767
3599
5768
4500
5769
3601
3660
3602
3661
3603
3662
3604
3663
3605
3664
3606
3665
3607
3666
3608
3667
3609
3668
3610
3669
3611
3670
3612
3671
3613
3672
3614
3673
3615
3674
3616
3675
3617
3676
3618
3677
3619
3678
3620
3679
3621
3680
3622
3681
3623
3682
3624
3683
3625
3684
3626
3685
3627
3686
3628
3687
3629
3688
3630
3689
3631
3690
3632
3691
3633
3692
3634
3693
3635
3694
3636
3695
3637
3696
3638
3697
3639
3698
3640
3699
3641
3700
3642
3701
3643
3702
3644
3703
3645
3704
3646
3705
3647
3706
3648
3707
3649
3708
3650
3709
3651
3710
3652
3711
3653
3712
3654
3713
3655
3714
3656
3715
3657
3716
3658
3717
3659
3718
3719
3661
3720
3662
3721
3663
3722
3664
3723
3665
3724
3666
3725
3667
3726
3668
3727
3669
3728
3670
3729
3671
3730
3672
3731
3673
3732
3674
3733
3675
3734
3676
3735
3677
3736
3678
3737
3679
3738
3680
3739
3681
3740
3682
3741
3683
3742
3684
3743
3685
3744
3686
3745
3687
3746
3688
3747
3689
3748
3690
3749
3691
3750
3692
3751
3693
3752
3694
3753
3695
3754
3696
3755
3697
3756
3698
3757
3699
3758
3700
3759
3701
3760
3702
3761
3703
3762
3704
3763
3705
3764
3706
3765
3707
3766
3708
3767
3709
3768
3710
3769
3711
3770
3712
3771
3713
3772
3714
3773
3715
3774
3716
3775
3717
3776
3718
3777
3719
3778
3779
3721
3780
3722
3781
3723
3782
3724
3783
3725
3784
3726
3785
3727
3786
3728
3787
3729
3788
3730
3789
3731
3790
3732
3791
3733
3792
3734
3793
3735
3794
3736
3795
3737
3796
3738
3797
3739
3798
3740
3799
3741
3800
3742
3801
3743
3802
3744
3803
3745
3804
3746
3805
3747
3806
3748
3807
3749
3808
3750
3809
3751
3810
3752
3811
3753
3812
3754
3813
3755
3814
3756
3815
3757
3816
3758
3817
3759
3818
3760
3819
3761
3820
3762
3821
3763
3822
3764
3823
3765
3824
3766
3825
3767
3826
3768
3827
3769
3828
3770
3829
3771
3830
3772
3831
3773
3832
3774
3833
3775
3834
3776
3835
3777
3836
3778
3837
3779
3838
3839
3781
3840
3782
3841
3783
3842
3784
3843
3785
3844
3786
3845
3787
3846
3788
3847
3789
3848
3790
3849
3791
3850
3792
3851
3793
3852
3794
3853
3795
3854
3796
3855
3797
3856
3798
3857
3799
3858
3800
3859
3801
3860
3802
3861
3803
3862
3804
3863
3805
3864
3806
3865
3807
3866
3808
3867
3809
3868
3810
3869
3811
3870
3812
3871
3813
3872
3814
3873
3815
3874
3816
3875
3817
3876
3818
3877
3819
3878
3820
3879
3821
3880
3822
3881
3823
3882
3824
3883
3825
3884
3826
3885
3827
3886
3828
3887
3829
3888
3830
3889
3831
3890
3832
3891
3833
3892
3834
3893
3835
3894
3836
3895
3837
3896
3838
3897
3839
3898
3899
3841
3900
3842
3901
3843
3902
3844
3903
3845
3904
3846
3905
3847
3906
3848
3907
3849
3908
3850
3909
3851
3910
3852
3911
3853
3912
3854
3913
3855
3914
3856
3915
3857
3916
3858
3917
3859
3918
3860
3919
3861
3920
3862
3921
3863
3922
3864
3923
3865
3924
3866
3925
3867
3926
3868
3927
3869
3928
3870
3929
3871
3930
3872
3931
3873
3932
3874
3933
3875
3934
3876
3935
3877
3936
3878
3937
3879
3938
3880
3939
3881
3940
3882
3941
3883
3942
3884
3943
3885
3944
3886
3945
3887
3946
3888
3947
3889
3948
3890
3949
3891
3950
3892
3951
3893
3952
3894
3953
3895
3954
3896
3955
3897
3956
3898
3957
3899
3958
3959
3901
3960
3902
3961
3903
3962
3904
3963
3905
3964
3906
3965
3907
3966
3908
3967
3909
3968
3910
3969
3911
3970
3912
3971
3913
3972
3914
3973
3915
3974
3916
3975
3917
3976
3918
3977
3919
3978
3920
3979
3921
3980
3922
3981
3923
3982
3924
3983
3925
3984
3926
3985
3927
3986
3928
3987
3929
3988
3930
3989
3931
3990
3932
3991
3933
3992
3934
3993
3935
3994
3936
3995
3937
3996
3938
3997
3939
3998
3940
3999
3941
4000
3942
4001
3943
4002
3944
4003
3945
4004
3946
4005
3947
4006
3948
4007
3949
4008
3950
4009
3951
4010
3952
4011
3953
4012
3954
4013
3955
4014
3956
4015
3957
4016
3958
4017
3959
4018
4019
3961
4020
3962
4021
3963
4022
3964
4023
3965
4024
3966
4025
3967
4026
3968
4027
3969
4028
3970
4029
3971
4030
3972
4031
3973
4032
3974
4033
3975
4034
3976
4035
3977
4036
3978
4037
3979
4038
3980
4039
3981
4040
3982
4041
3983
4042
3984
4043
3985
4044
3986
4045
3987
4046
3988
4047
3989
4048
3990
4049
3991
4050
3992
4051
3993
4052
3994
4053
3995
4054
3996
4055
3997
4056
3998
4057
3999
4058
4000
4059
4001
4060
4002
4061
4003
4062
4004
4063
4005
4064
4006
4065
4007
4066
4008
4067
4009
4068
4010
4069
4011
4070
4012
4071
4013
4072
4014
4073
4015
4074
4016
4075
4017
4076
4018
4077
4019
4078
4079
4021
4080
4022
4081
4023
4082
4024
4083
4025
4084
4026
4085
4027
4086
4028
4087
4029
4088
4030
4089
4031
4090
4032
4091
4033
4092
4034
4093
4035
4094
4036
4095
4037
4096
4038
4097
4039
4098
4040
4099
4041
4100
4042
4101
4043
4102
4044
4103
4045
4104
4046
4105
4047
4106
4048
4107
4049
4108
4050
4109
4051
4110
4052
4111
4053
4112
4054
4113
4055
4114
4056
4115
4057
4116
4058
4117
4059
4118
4060
4119
4061
4120
4062
4121
4063
4122
4064
4123
4065
4124
4066
4125
4067
4126
4068
4127
4069
4128
4070
4129
4071
4130
4072
4131
4073
4132
4074
4133
4075
4134
4076
4135
4077
4136
4078
4137
4079
4138
4139
4081
4140
4082
4141
4083
4142
4084
4143
4085
4144
4086
4145
4087
4146
4088
4147
4089
4148
4090
4149
4091
4150
4092
4151
4093
4152
4094
4153
4095
4154
4096
4155
4097
4156
4098
4157
4099
4158
4100
4159
4101
4160
4102
4161
4103
4162
4104
4163
4105
4164
4106
4165
4107
4166
4108
4167
4109
4168
4110
4169
4111
4170
4112
4171
4113
4172
4114
4173
4115
4174
4116
4175
4117
4176
4118
4177
4119
4178
4120
4179
4121
4180
4122
4181
4123
4182
4124
4183
4125
4184
4126
4185
4127
4186
4128
4187
4129
4188
4130
4189
4131
4190
4132
4191
4133
4192
4134
4193
4135
4194
4136
4195
4137
4196
4138
4197
4139
4198
4199
4141
4200
4142
4201
4143
4202
4144
4203
4145
4204
4146
4205
4147
4206
4148
4207
4149
4208
4150
4209
4151
4210
4152
4211
4153
4212
4154
4213
4155
4214
4156
4215
4157
4216
4158
4217
4159
4218
4160
4219
4161
4220
4162
4221
4163
4222
4164
4223
4165
4224
4166
4225
4167
4226
4168
4227
4169
4228
4170
4229
4171
4230
4172
4231
4173
4232
4174
4233
4175
4234
4176
4235
4177
4236
4178
4237
4179
4238
4180
4239
4181
4240
4182
4241
4183
4242
4184
4243
4185
4244
4186
4245
4187
4246
4188
4247
4189
4248
4190
4249
4191
4250
4192
4251
4193
4252
4194
4253
4195
4254
4196
4255
4197
4256
4198
4257
4199
4258
4259
4201
4260
4202
4261
4203
4262
4204
4263
4205
4264
4206
4265
4207
4266
4208
4267
4209
4268
4210
4269
4211
4270
4212
4271
4213
4272
4214
4273
4215
4274
4216
4275
4217
4276
4218
4277
4219
4278
4220
4279
4221
4280
4222
4281
4223
4282
4224
4283
4225
4284
4226
4285
4227
4286
4228
4287
4229
4288
4230
4289
4231
4290
4232
4291
4233
4292
4234
4293
4235
4294
4236
4295
4237
4296
4238
4297
4239
4298
4240
4299
4241
4300
4242
4301
4243
4302
4244
4303
4245
4304
4246
4305
4247
4306
4248
4307
4249
4308
4250
4309
4251
4310
4252
4311
4253
4312
4254
4313
4255
4314
4256
4315
4257
4316
4258
4317
4259
4318
4319
4261
4320
4262
4321
4263
4322
4264
4323
4265
4324
4266
4325
4267
4326
4268
4327
4269
4328
4270
4329
4271
4330
4272
4331
4273
4332
4274
4333
4275
4334
4276
4335
4277
4336
4278
4337
4279
4338
4280
4339
4281
4340
4282
4341
4283
4342
4284
4343
4285
4344
4286
4345
4287
4346
4288
4347
4289
4348
4290
4349
4291
4350
4292
4351
4293
4352
4294
4353
4295
4354
4296
4355
4297
4356
4298
4357
4299
4358
4300
4359
4301
4360
4302
4361
4303
4362
4304
4363
4305
4364
4306
4365
4307
4366
4308
4367
4309
4368
4310
4369
4311
4370
4312
4371
4313
4372
4314
4373
4315
4374
4316
4375
4317
4376
4318
4377
4319
4378
4379
4321
4380
4322
4381
4323
4382
4324
4383
4325
4384
4326
4385
4327
4386
4328
4387
4329
4388
4330
4389
4331
4390
4332
4391
4333
4392
4334
4393
4335
4394
4336
4395
4337
4396
4338
4397
4339
4398
4340
4399
4341
4400
4342
4401
4343
4402
4344
4403
4345
4404
4346
4405
4347
4406
4348
4407
4349
4408
4350
4409
4351
4410
4352
4411
4353
4412
4354
4413
4355
4414
4356
4415
4357
4416
4358
4417
4359
4418
4360
4419
4361
4420
4362
4421
4363
4422
4364
4423
4365
4424
4366
4425
4367
4426
4368
4427
4369
4428
4370
4429
4371
4430
4372
4431
4373
4432
4374
4433
4375
4434
4376
4435
4377
4436
4378
4437
4379
4438
4439
4381
4440
4382
4441
4383
4442
4384
4443
4385
4444
4386
4445
4387
4446
4388
4447
4389
4448
4390
4449
4391
4450
4392
4451
4393
4452
4394
4453
4395
4454
4396
4455
4397
4456
4398
4457
4399
4458
4400
4459
4401
4460
4402
4461
4403
4462
4404
4463
4405
4464
4406
4465
4407
4466
4408
4467
4409
4468
4410
4469
4411
4470
4412
4471
4413
4472
4414
4473
4415
4474
4416
4475
4417
4476
4418
4477
4419
4478
4420
4479
4421
4480
4422
4481
4423
4482
4424
4483
4425
4484
4426
4485
4427
4486
4428
4487
4429
4488
4430
4489
4431
4490
4432
4491
4433
4492
4434
4493
4435
4494
4436
4495
4437
4496
4438
4497
4439
4498
4499
4441
4500
4442
4501
4443
4502
4444
4503
4445
4504
4446
4505
4447
4506
4448
4507
4449
4508
4450
4509
4451
4510
4452
4511
4453
4512
4454
4513
4455
4514
4456
4515
4457
4516
4458
4517
4459
4518
4460
4519
4461
4520
4462
4521
4463
4522
4464
4523
4465
4524
4466
4525
4467
4526
4468
4527
4469
4528
4470
4529
4471
4530
4472
4531
4473
4532
4474
4533
4475
4534
4476
4535
4477
4536
4478
4537
4479
4538
4480
4539
4481
4540
4482
4541
4483
4542
4484
4543
4485
4544
4486
4545
4487
4546
4488
4547
4489
4548
4490
4549
4491
4550
4492
4551
4493
4552
4494
4553
4495
4554
4496
4555
4497
4556
4498
4557
4499
4558
4559
4501
4560
4502
4561
4503
4562
4504
4563
4505
4564
4506
4565
4507
4566
4508
4567
4509
4568
4510
4569
4511
4570
4512
4571
4513
4572
4514
4573
4515
4574
4516
4575
4517
4576
4518
4577
4519
4578
4520
4579
4521
4580
4522
4581
4523
4582
4524
4583
4525
4584
4526
4585
4527
4586
4528
4587
4529
4588
4530
4589
4531
4590
4532
4591
4533
4592
4534
4593
4535
4594
4536
4595
4537
4596
4538
4597
4539
4598
4540
4599
4541
4600
4542
4601
4543
4602
4544
4603
4545
4604
4546
4605
4547
4606
4548
4607
4549
4608
4550
4609
4551
4610
4552
4611
4553
4612
4554
4613
4555
4614
4556
4615
4557
4616
4558
4617
4559
4618
4619
4561
4620
5769
4562
4621
4563
4622
4564
4623
4565
4624
4566
4625
4567
4626
4568
4627
4569
4628
4570
4629
4571
4630
4572
4631
4573
4632
4574
4633
4575
4634
4576
4635
4577
4636
4578
4637
4579
4638
4580
4639
4581
4640
4582
4641
4583
4642
4584
4643
4585
4644
4586
4645
4587
4646
4588
4647
4589
4648
4590
4649
4591
4650
4592
4651
4593
4652
4594
4653
4595
4654
4596
4655
4597
4656
4598
4657
4599
4658
4600
4659
4601
4660
4602
4661
4603
4662
4604
4663
4605
4664
4606
4665
4607
4666
4608
4667
4609
4668
4610
4669
4611
4670
4612
4671
4613
4672
4614
4673
4615
4674
4616
4675
4617
4676
4618
4677
4619
4678
4679
4621
4680
5779
4622
4681
4623
4682
4624
4683
4625
4684
4626
4685
4627
4686
4628
4687
4629
4688
4630
4689
4631
4690
4632
4691
4633
4692
4634
4693
4635
4694
4636
4695
4637
4696
4638
4697
4639
4698
4640
4699
4641
4700
4642
4701
4643
4702
4644
4703
4645
4704
4646
4705
4647
4706
4648
4707
4649
4708
4650
4709
4651
4710
4652
4711
4653
4712
4654
4713
4655
4714
4656
4715
4657
4716
4658
4717
4659
4718
4660
4719
4661
4720
4662
4721
4663
4722
4664
4723
4665
4724
4666
4725
4667
4726
4668
4727
4669
4728
4670
4729
4671
4730
4672
4731
4673
4732
4674
4733
4675
4734
4676
4735
4677
4736
4678
4737
4679
4738
4739
4681
4740
5789
4682
4741
4683
4742
4684
4743
4685
4744
4686
4745
4687
4746
4688
4747
4689
4748
4690
4749
4691
4750
4692
4751
4693
4752
4694
4753
4695
4754
4696
4755
4697
4756
4698
4757
4699
4758
4700
4759
4701
4760
4702
4761
4703
4762
4704
4763
4705
4764
4706
4765
4707
4766
4708
4767
4709
4768
4710
4769
4711
4770
4712
4771
4713
4772
4714
4773
4715
4774
4716
4775
4717
4776
4718
4777
4719
4778
4720
4779
4721
4780
4722
4781
4723
4782
4724
4783
4725
4784
4726
4785
4727
4786
4728
4787
4729
4788
4730
4789
4731
4790
4732
4791
4733
4792
4734
4793
4735
4794
4736
4795
4737
4796
4738
4797
4739
4798
4799
4741
4800
5799
4742
4801
4743
4802
4744
4803
4745
4804
4746
4805
4747
4806
4748
4807
4749
4808
4750
4809
4751
4810
4752
4811
4753
4812
4754
4813
4755
4814
4756
4815
4757
4816
4758
4817
4759
4818
4760
4819
4761
4820
4762
4821
4763
4822
4764
4823
4765
4824
4766
4825
4767
4826
4768
4827
4769
4828
4770
4829
4771
4830
4772
4831
4773
4832
4774
4833
4775
4834
4776
4835
4777
4836
4778
4837
4779
4838
4780
4839
4781
4840
4782
4841
4783
4842
4784
4843
4785
4844
4786
4845
4787
4846
4788
4847
4789
4848
4790
4849
4791
4850
4792
4851
4793
4852
4794
4853
4795
4854
4796
4855
4797
4856
4798
4857
4799
4858
4859
4801
4860
5809
4802
4861
4803
4862
4804
4863
4805
4864
4806
4865
4807
4866
4808
4867
4809
4868
4810
4869
4811
4870
4812
4871
4813
4872
4814
4873
4815
4874
4816
4875
4817
4876
4818
4877
4819
4878
4820
4879
4821
4880
4822
4881
4823
4882
4824
4883
4825
4884
4826
4885
4827
4886
4828
4887
4829
4888
4830
4889
4831
4890
4832
4891
4833
4892
4834
4893
4835
4894
4836
4895
4837
4896
4838
4897
4839
4898
4840
4899
4841
4900
4842
4901
4843
4902
4844
4903
4845
4904
4846
4905
4847
4906
4848
4907
4849
4908
4850
4909
4851
4910
4852
4911
4853
4912
4854
4913
4855
4914
4856
4915
4857
4916
4858
4917
4859
4918
4919
4861
4920
5819
4862
4921
4863
4922
4864
4923
4865
4924
4866
4925
4867
4926
4868
4927
4869
4928
4870
4929
4871
4930
4872
4931
4873
4932
4874
4933
4875
4934
4876
4935
4877
4936
4878
4937
4879
4938
4880
4939
4881
4940
4882
4941
4883
4942
4884
4943
4885
4944
4886
4945
4887
4946
4888
4947
4889
4948
4890
4949
4891
4950
4892
4951
4893
4952
4894
4953
4895
4954
4896
4955
4897
4956
4898
4957
4899
4958
4900
4959
4901
4960
4902
4961
4903
4962
4904
4963
4905
4964
4906
4965
4907
4966
4908
4967
4909
4968
4910
4969
4911
4970
4912
4971
4913
4972
4914
4973
4915
4974
4916
4975
4917
4976
4918
4977
4919
4978
4979
4921
4980
5829
4922
4981
4923
4982
4924
4983
4925
4984
4926
4985
4927
4986
4928
4987
4929
4988
4930
4989
4931
4990
4932
4991
4933
4992
4934
4993
4935
4994
4936
4995
4937
4996
4938
4997
4939
4998
4940
4999
4941
5000
4942
5001
4943
5002
4944
5003
4945
5004
4946
5005
4947
5006
4948
5007
4949
5008
4950
5009
4951
5010
4952
5011
4953
5012
4954
5013
4955
5014
4956
5015
4957
5016
4958
5017
4959
5018
4960
5019
4961
5020
4962
5021
4963
5022
4964
5023
4965
5024
4966
5025
4967
5026
4968
5027
4969
5028
4970
5029
4971
5030
4972
5031
4973
5032
4974
5033
4975
5034
4976
5035
4977
5036
4978
5037
4979
5038
5039
4981
5040
5839
4982
5041
4983
5042
4984
5043
4985
5044
4986
5045
4987
5046
4988
5047
4989
5048
4990
5049
4991
5050
4992
5051
4993
5052
4994
5053
4995
5054
4996
5055
4997
5056
4998
5057
4999
5058
5000
5059
5001
5060
5002
5061
5003
5062
5004
5063
5005
5064
5006
5065
5007
5066
5008
5067
5009
5068
5010
5069
5011
5070
5012
5071
5013
5072
5014
5073
5015
5074
5016
5075
5017
5076
5018
5077
5019
5078
5020
5079
5021
5080
5022
5081
5023
5082
5024
5083
5025
5084
5026
5085
5027
5086
5028
5087
5029
5088
5030
5089
5031
5090
5032
5091
5033
5092
5034
5093
5035
5094
5036
5095
5037
5096
5038
5097
5039
5098
5099
5041
5100
5849
5042
5101
5043
5102
5044
5103
5045
5104
5046
5105
5047
5106
5048
5107
5049
5108
5050
5109
5051
5110
5052
5111
5053
5112
5054
5113
5055
5114
5056
5115
5057
5116
5058
5117
5059
5118
5060
5119
5061
5120
5062
5121
5063
5122
5064
5123
5065
5124
5066
5125
5067
5126
5068
5127
5069
5128
5070
5129
5071
5130
5072
5131
5073
5132
5074
5133
5075
5134
5076
5135
5077
5136
5078
5137
5079
5138
5080
5139
5081
5140
5082
5141
5083
5142
5084
5143
5085
5144
5086
5145
5087
5146
5088
5147
5089
5148
5090
5149
5091
5150
5092
5151
5093
5152
5094
5153
5095
5154
5096
5155
5097
5156
5098
5157
5099
5158
5159
5101
5160
5859
5102
5161
5103
5162
5104
5163
5105
5164
5106
5165
5107
5166
5108
5167
5109
5168
5110
5169
5111
5170
5112
5171
5113
5172
5114
5173
5115
5174
5116
5175
5117
5176
5118
5177
5119
5178
5120
5179
5121
5180
5122
5181
5123
5182
5124
5183
5125
5184
5126
5185
5127
5186
5128
5187
5129
5188
5130
5189
5131
5190
5132
5191
5133
5192
5134
5193
5135
5194
5136
5195
5137
5196
5138
5197
5139
5198
5140
5199
5141
5200
5142
5201
5143
5202
5144
5203
5145
5204
5146
5205
5147
5206
5148
5207
5149
5208
5150
5209
5151
5210
5152
5211
5153
5212
5154
5213
5155
5214
5156
5215
5157
5216
5158
5217
5159
5218
5219
5161
5220
5869
5162
5221
5163
5222
5164
5223
5165
5224
5166
5225
5167
5226
5168
5227
5169
5228
5170
5229
5171
5230
5172
5231
5173
5232
5174
5233
5175
5234
5176
5235
5177
5236
5178
5237
5179
5238
5180
5239
5181
5240
5182
5241
5183
5242
5184
5243
5185
5244
5186
5245
5187
5246
5188
5247
5189
5248
5190
5249
5191
5250
5192
5251
5193
5252
5194
5253
5195
5254
5196
5255
5197
5256
5198
5257
5199
5258
5200
5259
5201
5260
5202
5261
5203
5262
5204
5263
5205
5264
5206
5265
5207
5266
5208
5267
5209
5268
5210
5269
5211
5270
5212
5271
5213
5272
5214
5273
5215
5274
5216
5275
5217
5276
5218
5277
5219
5278
5279
5221
5280
5879
5222
5281
5223
5282
5224
5283
5225
5284
5226
5285
5227
5286
5228
5287
5229
5288
5230
5289
5231
5290
5232
5291
5233
5292
5234
5293
5235
5294
5236
5295
5237
5296
5238
5297
5239
5298
5240
5299
5241
5300
5242
5301
5243
5302
5244
5303
5245
5304
5246
5305
5247
5306
5248
5307
5249
5308
5250
5309
5251
5310
5252
5311
5253
5312
5254
5313
5255
5314
5256
5315
5257
5316
5258
5317
5259
5318
5260
5319
5261
5320
5262
5321
5263
5322
5264
5323
5265
5324
5266
5325
5267
5326
5268
5327
5269
5328
5270
5329
5271
5330
5272
5331
5273
5332
5274
5333
5275
5334
5276
5335
5277
5336
5278
5337
5279
5338
5339
5281
5340
5889
5282
5341
5283
5342
5284
5343
5285
5344
5286
5345
5287
5346
5288
5347
5289
5348
5290
5349
5291
5350
5292
5351
5293
5352
5294
5353
5295
5354
5296
5355
5297
5356
5298
5357
5299
5358
5300
5359
5301
5360
5302
5361
5303
5362
5304
5363
5305
5364
5306
5365
5307
5366
5308
5367
5309
5368
5310
5369
5311
5370
5312
5371
5313
5372
5314
5373
5315
5374
5316
5375
5317
5376
5318
5377
5319
5378
5320
5379
5321
5380
5322
5381
5323
5382
5324
5383
5325
5384
5326
5385
5327
5386
5328
5387
5329
5388
5330
5389
5331
5390
5332
5391
5333
5392
5334
5393
5335
5394
5336
5395
5337
5396
5338
5397
5339
5398
5399
5341
5400
5899
5342
5401
5343
5402
5344
5403
5345
5404
5346
5405
5347
5406
5348
5407
5349
5408
5350
5409
5351
5410
5352
5411
5353
5412
5354
5413
5355
5414
5356
5415
5357
5416
5358
5417
5359
5418
5360
5419
5361
5420
5362
5421
5363
5422
5364
5423
5365
5424
5366
5425
5367
5426
5368
5427
5369
5428
5370
5429
5371
5430
5372
5431
5373
5432
5374
5433
5375
5434
5376
5435
5377
5436
5378
5437
5379
5438
5380
5439
5381
5440
5382
5441
5383
5442
5384
5443
5385
5444
5386
5445
5387
5446
5388
5447
5389
5448
5390
5449
5391
5450
5392
5451
5393
5452
5394
5453
5395
5454
5396
5455
5397
5456
5398
5457
5399
5458
5459
5401
5460
5909
5402
5461
5403
5462
5404
5463
5405
5464
5406
5465
5407
5466
5408
5467
5409
5468
5410
5469
5411
5470
5412
5471
5413
5472
5414
5473
5415
5474
5416
5475
5417
5476
5418
5477
5419
5478
5420
5479
5421
5480
5422
5481
5423
5482
5424
5483
5425
5484
5426
5485
5427
5486
5428
5487
5429
5488
5430
5489
5431
5490
5432
5491
5433
5492
5434
5493
5435
5494
5436
5495
5437
5496
5438
5497
5439
5498
5440
5499
5441
5500
5442
5501
5443
5502
5444
5503
5445
5504
5446
5505
5447
5506
5448
5507
5449
5508
5450
5509
5451
5510
5452
5511
5453
5512
5454
5513
5455
5514
5456
5515
5457
5516
5458
5517
5459
5518
5519
5461
5520
5919
5462
5521
5463
5522
5464
5523
5465
5524
5466
5525
5467
5526
5468
5527
5469
5528
5470
5529
5471
5530
5472
5531
5473
5532
5474
5533
5475
5534
5476
5535
5477
5536
5478
5537
5479
5538
5480
5539
5481
5540
5482
5541
5483
5542
5484
5543
5485
5544
5486
5545
5487
5546
5488
5547
5489
5548
5490
5549
5491
5550
5492
5551
5493
5552
5494
5553
5495
5554
5496
5555
5497
5556
5498
5557
5499
5558
5500
5559
5501
5560
5502
5561
5503
5562
5504
5563
5505
5564
5506
5565
5507
5566
5508
5567
5509
5568
5510
5569
5511
5570
5512
5571
5513
5572
5514
5573
5515
5574
5516
5575
5517
5576
5518
5577
5519
5578
5579
5521
5580
5929
5522
5581
5523
5582
5524
5583
5525
5584
5526
5585
5527
5586
5528
5587
5529
5588
5530
5589
5531
5590
5532
5591
5533
5592
5534
5593
5535
5594
5536
5595
5537
5596
5538
5597
5539
5598
5540
5599
5541
5600
5542
5601
5543
5602
5544
5603
5545
5604
5546
5605
5547
5606
5548
5607
5549
5608
5550
5609
5551
5610
5552
5611
5553
5612
5554
5613
5555
5614
5556
5615
5557
5616
5558
5617
5559
5618
5560
5619
5561
5620
5562
5621
5563
5622
5564
5623
5565
5624
5566
5625
5567
5626
5568
5627
5569
5628
5570
5629
5571
5630
5572
5631
5573
5632
5574
5633
5575
5634
5576
5635
5577
5636
5578
5637
5579
5638
5639
5581
5640
5939
5582
5641
5583
5642
5584
5643
5585
5644
5586
5645
5587
5646
5588
5647
5589
5648
5590
5649
5591
5650
5592
5651
5593
5652
5594
5653
5595
5654
5596
5655
5597
5656
5598
5657
5599
5658
5600
5659
5601
5660
5602
5661
5603
5662
5604
5663
5605
5664
5606
5665
5607
5666
5608
5667
5609
5668
5610
5669
5611
5670
5612
5671
5613
5672
5614
5673
5615
5674
5616
5675
5617
5676
5618
5677
5619
5678
5620
5679
5621
5680
5622
5681
5623
5682
5624
5683
5625
5684
5626
5685
5627
5686
5628
5687
5629
5688
5630
5689
5631
5690
5632
5691
5633
5692
5634
5693
5635
5694
5636
5695
5637
5696
5638
5697
5639
5698
5699
5641
5700
5949
5642
5701
5643
5702
5644
5703
5645
5704
5646
5705
5647
5706
5648
5707
5649
5708
5650
5709
5651
5710
5652
5711
5653
5712
5654
5713
5655
5714
5656
5715
5657
5716
5658
5717
5659
5718
5660
5719
5661
5720
5662
5721
5663
5722
5664
5723
5665
5724
5666
5725
5667
5726
5668
5727
5669
5728
5670
5729
5671
5730
5672
5731
5673
5732
5674
5733
5675
5734
5676
5735
5677
5736
5678
5737
5679
5738
5680
5739
5681
5740
5682
5741
5683
5742
5684
5743
5685
5744
5686
5745
5687
5746
5688
5747
5689
5748
5690
5749
5691
5750
5692
5751
5693
5752
5694
5753
5695
5754
5696
5755
5697
5756
5698
5757
5699
5758
5759
5701
5959
5702
5703
5704
5705
5706
5707
5708
5709
5710
5711
5712
5713
5714
5715
5716
5717
5718
5719
5720
5721
5722
5723
5724
5725
5726
5727
5728
5729
5730
5731
5732
5733
5734
5735
5736
5737
5738
5739
5740
5741
5742
5743
5744
5745
5746
5747
5748
5749
5750
5751
5752
5753
5754
5755
5756
5757
5758
5759
5761
5770
5973
5762
5771
5763
5772
5764
5773
5765
5774
5766
5775
5767
5776
5768
5777
5769
5778
5779
5771
5780
5987
5772
5781
5773
5782
5774
5783
5775
5784
5776
5785
5777
5786
5778
5787
5779
5788
5789
5781
5790
6001
5782
5791
5783
5792
5784
5793
5785
5794
5786
5795
5787
5796
5788
5797
5789
5798
5799
5791
5800
6015
5792
5801
5793
5802
5794
5803
5795
5804
5796
5805
5797
5806
5798
5807
5799
5808
5809
5801
5810
6029
5802
5811
5803
5812
5804
5813
5805
5814
5806
5815
5807
5816
5808
5817
5809
5818
5819
5811
5820
6043
5812
5821
5813
5822
5814
5823
5815
5824
5816
5825
5817
5826
5818
5827
5819
5828
5829
5821
5830
6057
5822
5831
5823
5832
5824
5833
5825
5834
5826
5835
5827
5836
5828
5837
5829
5838
5839
5831
5840
6071
5832
5841
5833
5842
5834
5843
5835
5844
5836
5845
5837
5846
5838
5847
5839
5848
5849
5841
5850
6085
5842
5851
5843
5852
5844
5853
5845
5854
5846
5855
5847
5856
5848
5857
5849
5858
5859
5851
5860
6099
5852
5861
5853
5862
5854
5863
5855
5864
5856
5865
5857
5866
5858
5867
5859
5868
5869
5861
5870
6113
5862
5871
5863
5872
5864
5873
5865
5874
5866
5875
5867
5876
5868
5877
5869
5878
5879
5871
5880
6127
5872
5881
5873
5882
5874
5883
5875
5884
5876
5885
5877
5886
5878
5887
5879
5888
5889
5881
5890
6141
5882
5891
5883
5892
5884
5893
5885
5894
5886
5895
5887
5896
5888
5897
5889
5898
5899
5891
5900
6155
5892
5901
5893
5902
5894
5903
5895
5904
5896
5905
5897
5906
5898
5907
5899
5908
5909
5901
5910
6169
5902
5911
5903
5912
5904
5913
5905
5914
5906
5915
5907
5916
5908
5917
5909
5918
5919
5911
5920
6183
5912
5921
5913
5922
5914
5923
5915
5924
5916
5925
5917
5926
5918
5927
5919
5928
5929
5921
5930
6197
5922
5931
5923
5932
5924
5933
5925
5934
5926
5935
5927
5936
5928
5937
5929
5938
5939
5931
5940
6211
5932
5941
5933
5942
5934
5943
5935
5944
5936
5945
5937
5946
5938
5947
5939
5948
5949
5941
5950
6225
5942
5951
5943
5952
5944
5953
5945
5954
5946
5955
5947
5956
5948
5957
5949
5958
5959
5951
6239
5952
5953
5954
5955
5956
5957
5958
5959
5961
5974
6506
5962
5975
6507
5963
5976
6508
5964
5977
6509
5965
5978
6510
5966
5979
6511
5967
5980
6512
5968
5981
6513
5969
5982
6514
5970
5983
6515
5971
5984
6516
5972
5985
6517
5973
5986
6518
5987
6519
5975
5988
5976
5989
5977
5990
5978
5991
5979
5992
5980
5993
5981
5994
5982
5995
5983
5996
5984
5997
5985
5998
5986
5999
5987
6000
6001
5989
6002
5990
6003
5991
6004
5992
6005
5993
6006
5994
6007
5995
6008
5996
6009
5997
6010
5998
6011
5999
6012
6000
6013
6001
6014
6015
6003
6016
6004
6017
6005
6018
6006
6019
6007
6020
6008
6021
6009
6022
6010
6023
6011
6024
6012
6025
6013
6026
6014
6027
6015
6028
6029
6017
6030
6018
6031
6019
6032
6020
6033
6021
6034
6022
6035
6023
6036
6024
6037
6025
6038
6026
6039
6027
6040
6028
6041
6029
6042
6043
6031
6044
6032
6045
6033
6046
6034
6047
6035
6048
6036
6049
6037
6050
6038
6051
6039
6052
6040
6053
6041
6054
6042
6055
6043
6056
6057
6045
6058
6046
6059
6047
6060
6048
6061
6049
6062
6050
6063
6051
6064
6052
6065
6053
6066
6054
6067
6055
6068
6056
6069
6057
6070
6071
6059
6072
6060
6073
6061
6074
6062
6075
6063
6076
6064
6077
6065
6078
6066
6079
6067
6080
6068
6081
6069
6082
6070
6083
6071
6084
6085
6073
6086
6074
6087
6075
6088
6076
6089
6077
6090
6078
6091
6079
6092
6080
6093
6081
6094
6082
6095
6083
6096
6084
6097
6085
6098
6099
6087
6100
6088
6101
6089
6102
6090
6103
6091
6104
6092
6105
6093
6106
6094
6107
6095
6108
6096
6109
6097
6110
6098
6111
6099
6112
6113
6101
6114
6102
6115
6103
6116
6104
6117
6105
6118
6106
6119
6107
6120
6108
6121
6109
6122
6110
6123
6111
6124
6112
6125
6113
6126
6127
6115
6128
6116
6129
6117
6130
6118
6131
6119
6132
6120
6133
6121
6134
6122
6135
6123
6136
6124
6137
6125
6138
6126
6139
6127
6140
6141
6129
6142
6130
6143
6131
6144
6132
6145
6133
6146
6134
6147
6135
6148
6136
6149
6137
6150
6138
6151
6139
6152
6140
6153
6141
6154
6155
6143
6156
6144
6157
6145
6158
6146
6159
6147
6160
6148
6161
6149
6162
6150
6163
6151
6164
6152
6165
6153
6166
6154
6167
6155
6168
6169
6157
6170
6158
6171
6159
6172
6160
6173
6161
6174
6162
6175
6163
6176
6164
6177
6165
6178
6166
6179
6167
6180
6168
6181
6169
6182
6183
6171
6184
6172
6185
6173
6186
6174
6187
6175
6188
6176
6189
6177
6190
6178
6191
6179
6192
6180
6193
6181
6194
6182
6195
6183
6196
6197
6185
6198
6186
6199
6187
6200
6188
6201
6189
6202
6190
6203
6191
6204
6192
6205
6193
6206
6194
6207
6195
6208
6196
6209
6197
6210
6211
6199
6212
6200
6213
6201
6214
6202
6215
6203
6216
6204
6217
6205
6218
6206
6219
6207
6220
6208
6221
6209
6222
6210
6223
6211
6224
6225
6213
6226
6214
6227
6215
6228
6216
6229
6217
6230
6218
6231
6219
6232
6220
6233
6221
6234
6222
6235
6223
6236
6224
6237
6225
6238
6239
6227
6228
6229
6230
6231
6232
6233
6234
6235
6236
6237
6238
6239
6241
6254
6786
6242
6255
6787
6243
6256
6788
6244
6257
6789
6245
6258
6790
6246
6259
6791
6247
6260
6792
6248
6261
6793
6249
6262
6794
6250
6263
6795
6251
6264
6796
6252
6265
6797
6253
6266
6798
6267
6799
6255
6268
6256
6269
6257
6270
6258
6271
6259
6272
6260
6273
6261
6274
6262
6275
6263
6276
6264
6277
6265
6278
6266
6279
6267
6280
6281
6269
6282
6270
6283
6271
6284
6272
6285
6273
6286
6274
6287
6275
6288
6276
6289
6277
6290
6278
6291
6279
6292
6280
6293
6281
6294
6295
6283
6296
6284
6297
6285
6298
6286
6299
6287
6300
6288
6301
6289
6302
6290
6303
6291
6304
6292
6305
6293
6306
6294
6307
6295
6308
6309
6297
6310
6298
6311
6299
6312
6300
6313
6301
6314
6302
6315
6303
6316
6304
6317
6305
6318
6306
6319
6307
6320
6308
6321
6309
6322
6323
6311
6324
6312
6325
6313
6326
6314
6327
6315
6328
6316
6329
6317
6330
6318
6331
6319
6332
6320
6333
6321
6334
6322
6335
6323
6336
6337
6325
6338
6326
6339
6327
6340
6328
6341
6329
6342
6330
6343
6331
6344
6332
6345
6333
6346
6334
6347
6335
6348
6336
6349
6337
6350
6351
6339
6352
6340
6353
6341
6354
6342
6355
6343
6356
6344
6357
6345
6358
6346
6359
6347
6360
6348
6361
6349
6362
6350
6363
6351
6364
6365
6353
6366
6354
6367
6355
6368
6356
6369
6357
6370
6358
6371
6359
6372
6360
6373
6361
6374
6362
6375
6363
6376
6364
6377
6365
6378
6379
6367
6380
6368
6381
6369
6382
6370
6383
6371
6384
6372
6385
6373
6386
6374
6387
6375
6388
6376
6389
6377
6390
6378
6391
6379
6392
6393
6381
6394
6382
6395
6383
6396
6384
6397
6385
6398
6386
6399
6387
6400
6388
6401
6389
6402
6390
6403
6391
6404
6392
6405
6393
6406
6407
6395
6408
6396
6409
6397
6410
6398
6411
6399
6412
6400
6413
6401
6414
6402
6415
6403
6416
6404
6417
6405
6418
6406
6419
6407
6420
6421
6409
6422
6410
6423
6411
6424
6412
6425
6413
6426
6414
6427
6415
6428
6416
6429
6417
6430
6418
6431
6419
6432
6420
6433
6421
6434
6435
6423
6436
6424
6437
6425
6438
6426
6439
6427
6440
6428
6441
6429
6442
6430
6443
6431
6444
6432
6445
6433
6446
6434
6447
6435
6448
6449
6437
6450
6438
6451
6439
6452
6440
6453
6441
6454
6442
6455
6443
6456
6444
6457
6445
6458
6446
6459
6447
6460
6448
6461
6449
6462
6463
6451
6464
6452
6465
6453
6466
6454
6467
6455
6468
6456
6469
6457
6470
6458
6471
6459
6472
6460
6473
6461
6474
6462
6475
6463
6476
6477
6465
6478
6466
6479
6467
6480
6468
6481
6469
6482
6470
6483
6471
6484
6472
6485
6473
6486
6474
6487
6475
6488
6476
6489
6477
6490
6491
6479
6492
6480
6493
6481
6494
6482
6495
6483
6496
6484
6497
6485
6498
6486
6499
6487
6500
6488
6501
6489
6502
6490
6503
6491
6504
6505
6493
6506
6494
6507
6495
6508
6496
6509
6497
6510
6498
6511
6499
6512
6500
6513
6501
6514
6502
6515
6503
6516
6504
6517
6505
6518
6519
6507
6508
6509
6510
6511
6512
6513
6514
6515
6516
6517
6518
6519
6521
6534
6522
6535
6523
6536
6524
6537
6525
6538
6526
6539
6527
6540
6528
6541
6529
6542
6530
6543
6531
6544
6532
6545
6533
6546
6547
6535
6548
6536
6549
6537
6550
6538
6551
6539
6552
6540
6553
6541
6554
6542
6555
6543
6556
6544
6557
6545
6558
6546
6559
6547
6560
6561
6549
6562
6550
6563
6551
6564
6552
6565
6553
6566
6554
6567
6555
6568
6556
6569
6557
6570
6558
6571
6559
6572
6560
6573
6561
6574
6575
6563
6576
6564
6577
6565
6578
6566
6579
6567
6580
6568
6581
6569
6582
6570
6583
6571
6584
6572
6585
6573
6586
6574
6587
6575
6588
6589
6577
6590
6578
6591
6579
6592
6580
6593
6581
6594
6582
6595
6583
6596
6584
6597
6585
6598
6586
6599
6587
6600
6588
6601
6589
6602
6603
6591
6604
6592
6605
6593
6606
6594
6607
6595
6608
6596
6609
6597
6610
6598
6611
6599
6612
6600
6613
6601
6614
6602
6615
6603
6616
6617
6605
6618
6606
6619
6607
6620
6608
6621
6609
6622
6610
6623
6611
6624
6612
6625
6613
6626
6614
6627
6615
6628
6616
6629
6617
6630
6631
6619
6632
6620
6633
6621
6634
6622
6635
6623
6636
6624
6637
6625
6638
6626
6639
6627
6640
6628
6641
6629
6642
6630
6643
6631
6644
6645
6633
6646
6634
6647
6635
6648
6636
6649
6637
6650
6638
6651
6639
6652
6640
6653
6641
6654
6642
6655
6643
6656
6644
6657
6645
6658
6659
6647
6660
6648
6661
6649
6662
6650
6663
6651
6664
6652
6665
6653
6666
6654
6667
6655
6668
6656
6669
6657
6670
6658
6671
6659
6672
6673
6661
6674
6662
6675
6663
6676
6664
6677
6665
6678
6666
6679
6667
6680
6668
6681
6669
6682
6670
6683
6671
6684
6672
6685
6673
6686
6687
6675
6688
6676
6689
6677
6690
6678
6691
6679
6692
6680
6693
6681
6694
6682
6695
6683
6696
6684
6697
6685
6698
6686
6699
6687
6700
6701
6689
6702
6690
6703
6691
6704
6692
6705
6693
6706
6694
6707
6695
6708
6696
6709
6697
6710
6698
6711
6699
6712
6700
6713
6701
6714
6715
6703
6716
6704
6717
6705
6718
6706
6719
6707
6720
6708
6721
6709
6722
6710
6723
6711
6724
6712
6725
6713
6726
6714
6727
6715
6728
6729
6717
6730
6718
6731
6719
6732
6720
6733
6721
6734
6722
6735
6723
6736
6724
6737
6725
6738
6726
6739
6727
6740
6728
6741
6729
6742
6743
6731
6744
6732
6745
6733
6746
6734
6747
6735
6748
6736
6749
6737
6750
6738
6751
6739
6752
6740
6753
6741
6754
6742
6755
6743
6756
6757
6745
6758
6746
6759
6747
6760
6748
6761
6749
6762
6750
6763
6751
6764
6752
6765
6753
6766
6754
6767
6755
6768
6756
6769
6757
6770
6771
6759
6772
6760
6773
6761
6774
6762
6775
6763
6776
6764
6777
6765
6778
6766
6779
6767
6780
6768
6781
6769
6782
6770
6783
6771
6784
6785
6773
6786
6774
6787
6775
6788
6776
6789
6777
6790
6778
6791
6779
6792
6780
6793
6781
6794
6782
6795
6783
6796
6784
6797
6785
6798
6799
6787
6788
6789
6790
6791
6792
6793
6794
6795
6796
6797
6798
6799
)


// ************************************************************************* //
